-- sound bar --

toggle power:
sendir,1:3,5,40192,1,1,96,24,48,24,24,24,48,24,24,24,48,24,24,24,24,24,24,24,24,24,24,24,24,24,48,24,48,24,24,24,24,867,96,24,48,24,24,24,48,24,24,24,48,24,24,24,24,24,24,24,24,24,24,24,24,24,48,24,48,24,24,24,24,866,96,24,48,24,24,24,48,24,24,24,48,24,24,24,24,24,24,24,24,24,24,24,24,24,48,24,48,24,24,24,24,4000



Input Mode:

sendir,1:3,8,40192,1,1,96,24,48,24,24,24,24,24,48,24,24,24,48,24,48,24,24,24,24,24,24,24,24,24,48,24,48,24,24,24,48,819,96,24,48,24,24,24,24,24,48,24,24,24,48,24,48,24,24,24,24,24,24,24,24,24,48,24,48,24,24,24,48,818,96,24,48,24,24,24,24,24,48,24,24,24,48,24,48,24,24,24,24,24,24,24,24,24,48,24,48,24,24,24,48,4000


Muting Toggle:

sendir,1:3,9,40192,1,1,96,24,24,24,24,24,48,24,24,24,48,24,24,24,24,24,24,24,24,24,24,24,24,24,48,24,48,24,24,24,24,890,96,24,24,24,24,24,48,24,24,24,48,24,24,24,24,24,24,24,24,24,24,24,24,24,48,24,48,24,24,24,24,891,96,24,24,24,24,24,48,24,24,24,48,24,24,24,24,24,24,24,24,24,24,24,24,24,48,24,48,24,24,24,24,4000


Volume Up:
sendir,1:3,11,40192,1,1,96,24,24,24,48,24,24,24,24,24,48,24,24,24,24,24,24,24,24,24,24,24,24,24,48,24,48,24,24,24,24,890,96,24,24,24,48,24,24,24,24,24,48,24,24,24,24,24,24,24,24,24,24,24,24,24,48,24,48,24,24,24,24,891,96,24,24,24,48,24,24,24,24,24,48,24,24,24,24,24,24,24,24,24,24,24,24,24,48,24,48,24,24,24,24,4000


Volume Down:
sendir,1:3,13,40192,1,1,96,24,48,24,48,24,24,24,24,24,48,24,24,24,24,24,24,24,24,24,24,24,24,24,48,24,48,24,24,24,24,867,96,24,48,24,48,24,24,24,24,24,48,24,24,24,24,24,24,24,24,24,24,24,24,24,48,24,48,24,24,24,24,866,96,24,48,24,48,24,24,24,24,24,48,24,24,24,24,24,24,24,24,24,24,24,24,24,48,24,48,24,24,24,24,4000


Switch Surround Mode:
sendir,1:3,14,40192,1,1,96,24,24,24,48,24,48,24,48,24,24,24,48,24,48,24,24,24,24,24,24,24,24,24,48,24,48,24,24,24,48,794,96,24,24,24,48,24,48,24,48,24,24,24,48,24,48,24,24,24,24,24,24,24,24,24,48,24,48,24,24,24,48,795,96,24,24,24,48,24,48,24,48,24,24,24,48,24,48,24,24,24,24,24,24,24,24,24,48,24,48,24,24,24,48,4000

Voice:

sendir,1:3,18,40192,1,1,96,24,48,24,24,24,24,24,48,24,48,24,48,24,24,24,24,24,24,24,24,24,24,24,48,24,24,24,24,24,24,24,48,24,24,24,48,24,24,24,24,578,96,24,48,24,24,24,24,24,48,24,48,24,48,24,24,24,24,24,24,24,24,24,24,24,48,24,24,24,24,24,24,24,48,24,24,24,48,24,24,24,24,579,96,24,48,24,24,24,24,24,48,24,48,24,48,24,24,24,24,24,24,24,24,24,24,24,48,24,24,24,24,24,24,24,48,24,24,24,48,24,24,24,24,4000


Took the code from the email, sent twice, then the terminator code.

*WORKED POWER ON *
sendir,1:3,4,40000,1,1,96,24,24,24,48,24,48,24,48,24,24,24,48,24,24,24,24,24,24,24,24,24,24,24,48,24,48,24,24,24,24,837,96,24,24,24,48,24,48,24,48,24,24,24,48,24,24,24,24,24,24,24,24,24,24,24,48,24,48,24,24,24,24,837

*WORKED POWER OFF*
sendir,1:3,4,40000,1,1,96,24,48,24,48,24,48,24,48,24,24,24,48,24,24,24,24,24,24,24,24,24,24,24,48,24,48,24,24,24,24,813,96,24,48,24,48,24,48,24,48,24,24,24,48,24,24,24,24,24,24,24,24,24,24,24,48,24,48,24,24,24,24,813

HDMI Input 1:
sendir,1:3,4,40000,2,1,96,24,24,24,24,24,24,24,24,24,48,24,24,24,24,24,24,24,24,24,24,24,24,24,48,24,24,24,24,24,24,24,48,24,24,24,48,24,24,24,24,648

HDMI Input 2:
sendir,1:3,4,40000,2,1,96,24,48,24,24,24,24,24,24,24,48,24,24,24,24,24,24,24,24,24,24,24,24,24,48,24,24,24,24,24,24,24,48,24,24,24,48,24,24,24,24,624












route add -net 192.56.76.0 netmask 255.255.255.0 dev eth0


-----
 TV
-----

Toggle Power:
sendir,1:3,4,40322,1,1,
96,24,48,24,24,24,48,24,24,24,48,25,24,24,24,24,48,24,24,24,24,24,24,24,24,1031,
96,24,48,24,24,24,48,24,24,24,48,24,25,23,25,23,49,24,24,24,24,24,24,24,24,1031,
96,24,48,24,24,24,48,24,24,24,48,24,25,23,25,23,49,24,24,24,24,24,24,24,24,4000



these below toggle power...


Took codes from download
Power Off:
sendir,1:3,1,40000,1,1,96,24,48,24,48,24,48,24,48,24,24,24,48,24,24,24,48,24,24,24,24,24,24,24,24,990,96,24,48,24,48,24,48,24,48,24,24,24,48,24,24,24,48,24,24,24,24,24,24,24,24,990

Power On:
sendir,1:3,1,40000,1,1,96,24,24,24,48,24,48,24,48,24,24,24,48,24,24,24,48,24,24,24,24,24,24,24,24,1013,,96,24,24,24,48,24,48,24,48,24,24,24,48,24,24,24,48,24,24,24,24,24,24,24,24,1013




Input 1: sendir,1:3,1,40000,1,1,,97,24,24,24,24,24,24,24,24,24,24,24,24,24,48,24,48,24,24,24,24,24,24,24,24,1080,97,24,24,24,24,24,24,24,24,24,24,24,24,24,48,24,48,24,24,24,24,24,24,24,24,1080

Input 2: sendir,1:3,1,40000,1,1,97,24,48,24,24,24,24,24,24,24,24,24,24,24,48,24,48,24,24,24,24,24,24,24,24,1058,97,24,48,24,24,24,24,24,24,24,24,24,24,24,48,24,48,24,24,24,24,24,24,24,24,1058



// Chromecast
Input 3: sendir,1:3,1,40000,97,24,24,24,48,24,24,24,24,24,24,24,24,24,48,24,48,24,24,24,24,24,24,24,24,1058,97,24,24,24,48,24,24,24,24,24,24,24,24,24,48,24,48,24,24,24,24,24,24,24,24,1058


// Main input...
Input 7: sendir,1:3,1,40000,1,1,96,24,24,24,48,24,24,24,24,24,24,24,24,24,48,24,48,24,48,24,48,24,24,24,48,24,24,24,24,24,48,810,96,24,24,24,48,24,24,24,24,24,24,24,24,24,48,24,48,24,48,24,48,24,24,24,48,24,24,24,24,24,48,810







XFinity X1

Guide:
sendir,1:3,1,38000,1,37,8,34,8,65,8,29,8,106,8,50,8,50,8,44,8,101,8,525,8,34,8,60,8,29,8,29,8,39,8,65,8,29,8,29,8,3058,8,34,8,65,8,29,8,106,8,50,8,50,8,44,8,101,8,525,8,34,8,101,8,70,8,29,8,39,8,65,8,29,8,29,8,3058



Exit:
sendir,1:3,1,38000,1,37,8,34,8,65,8,29,8,106,8,50,8,50,8,44,8,101,8,524,8,34,8,44,8,29,8,29,8,39,8,81,8,29,8,29,8,3055,8,34,8,65,8,29,8,106,8,50,8,50,8,44,8,101,8,524,8,34,8,86,8,70,8,29,8,39,8,81,8,29,8,29,8,3055
